Reverselist:
completion shellsort:		0.00047135599015746266
completion quicksort:		0.00025355099933221936
completion insertionsort:	0.0009595070005161688
Randomlists:
completion shellsort:		1.3148273180122487
completion quicksort:		0.34470043100009207
completion insertionsort:	0.0009595070005161688
(0.01889297399611678, [25, 23, 6, 1])
(0.018946603988297284, [25, 21, 6, 1])
(0.01898397500917781, [25, 23, 10, 6, 1])
(0.019042749991058372, [25, 23, 8, 3, 1])
(0.019058156991377473, [25, 23, 4, 1])
(0.019060443999478593, [25, 23, 10, 3, 1])
(0.019077026008744724, [25, 23, 14, 4, 1])
(0.019079067002166994, [25, 21, 8, 5, 1])
(0.019080943005974405, [25, 23, 10, 4, 1])
(0.01909315399825573, [25, 14, 4, 1])
