[100, 59, 39, 27, 21, 16, 13, 11, 9, 4, 1]: 0.03713839700048993
[97, 60, 39, 27, 21, 16, 13, 11, 9, 4, 1]: 0.03714000800027861
[93, 59, 39, 27, 21, 16, 13, 11, 9, 4, 1]: 0.03727547099970252
[95, 59, 39, 27, 21, 16, 13, 11, 9, 4, 1]: 0.03731136900023557
[98, 60, 39, 27, 21, 16, 13, 11, 9, 4, 1]: 0.03733970900066197
[92, 56, 39, 27, 21, 16, 13, 11, 9, 4, 1]: 0.03737159699994663
[99, 59, 39, 27, 21, 16, 13, 11, 9, 4, 1]: 0.037421515000460204
[89, 54, 39, 27, 21, 16, 13, 11, 9, 4, 1]: 0.03744032000031439
[93, 58, 39, 27, 21, 16, 13, 11, 9, 4, 1]: 0.03744420900056866
[92, 59, 39, 27, 21, 16, 13, 11, 9, 4, 1]: 0.037450473000717466
[91, 60, 39, 27, 21, 16, 13, 11, 9, 4, 1]: 0.037467175000529096
[94, 59, 39, 27, 21, 16, 13, 11, 9, 4, 1]: 0.03751175700017484
[88, 56, 39, 27, 21, 16, 13, 11, 9, 4, 1]: 0.03751953000028152
[96, 60, 39, 27, 21, 16, 13, 11, 9, 4, 1]: 0.0375346040000295
[91, 58, 39, 27, 21, 16, 13, 11, 9, 4, 1]: 0.03754158500032645
[91, 57, 39, 27, 21, 16, 13, 11, 9, 4, 1]: 0.03754767400005221
[93, 55, 39, 27, 21, 16, 13, 11, 9, 4, 1]: 0.037554183999418456
[92, 60, 39, 27, 21, 16, 13, 11, 9, 4, 1]: 0.037576011999590264
[94, 60, 39, 27, 21, 16, 13, 11, 9, 4, 1]: 0.03758317999927385
[82, 60, 39, 27, 21, 16, 13, 11, 9, 4, 1]: 0.037588848000268626
[91, 59, 39, 27, 21, 16, 13, 11, 9, 4, 1]: 0.0375988129999314
[94, 56, 39, 27, 21, 16, 13, 11, 9, 4, 1]: 0.03760646499995346
[89, 58, 39, 27, 21, 16, 13, 11, 9, 4, 1]: 0.03761764399951062
[88, 55, 39, 27, 21, 16, 13, 11, 9, 4, 1]: 0.037650707000466355
[93, 56, 39, 27, 21, 16, 13, 11, 9, 4, 1]: 0.03765480699985346
[95, 56, 39, 27, 21, 16, 13, 11, 9, 4, 1]: 0.037656450000213226
[89, 60, 39, 27, 21, 16, 13, 11, 9, 4, 1]: 0.0376585049998539
[89, 57, 39, 27, 21, 16, 13, 11, 9, 4, 1]: 0.037658516999727
[95, 60, 39, 27, 21, 16, 13, 11, 9, 4, 1]: 0.037659368999811704
[87, 59, 39, 27, 21, 16, 13, 11, 9, 4, 1]: 0.03766290900057356
[91, 55, 39, 27, 21, 16, 13, 11, 9, 4, 1]: 0.03767005300051096
[97, 59, 39, 27, 21, 16, 13, 11, 9, 4, 1]: 0.03768104199934896
[88, 58, 39, 27, 21, 16, 13, 11, 9, 4, 1]: 0.037683858000491455
[89, 55, 39, 27, 21, 16, 13, 11, 9, 4, 1]: 0.0376850109996667
[88, 59, 39, 27, 21, 16, 13, 11, 9, 4, 1]: 0.03771938099998806
[92, 57, 39, 27, 21, 16, 13, 11, 9, 4, 1]: 0.03772620299969276
[94, 55, 39, 27, 21, 16, 13, 11, 9, 4, 1]: 0.03772926500005269
[91, 54, 39, 27, 21, 16, 13, 11, 9, 4, 1]: 0.037736301999757416
[90, 59, 39, 27, 21, 16, 13, 11, 9, 4, 1]: 0.03773873899990576
[100, 60, 39, 27, 21, 16, 13, 11, 9, 4, 1]: 0.037775267000142776
[88, 54, 39, 27, 21, 16, 13, 11, 9, 4, 1]: 0.03778463900016504
[90, 55, 39, 27, 21, 16, 13, 11, 9, 4, 1]: 0.037785219000397774
[96, 59, 39, 27, 21, 16, 13, 11, 9, 4, 1]: 0.037786489000609436
[86, 60, 39, 27, 21, 16, 13, 11, 9, 4, 1]: 0.03781206999974529
[91, 56, 39, 27, 21, 16, 13, 11, 9, 4, 1]: 0.03781602399976691
[90, 54, 39, 27, 21, 16, 13, 11, 9, 4, 1]: 0.03783588999976928
[86, 58, 39, 27, 21, 16, 13, 11, 9, 4, 1]: 0.03785182400042686
[98, 59, 39, 27, 21, 16, 13, 11, 9, 4, 1]: 0.037858468999729666
[81, 59, 39, 27, 21, 16, 13, 11, 9, 4, 1]: 0.037867395999455766
[82, 56, 39, 27, 21, 16, 13, 11, 9, 4, 1]: 0.0378744679992451
[82, 58, 39, 27, 21, 16, 13, 11, 9, 4, 1]: 0.037877034000302956
[80, 59, 39, 27, 21, 16, 13, 11, 9, 4, 1]: 0.037877071000366414
[82, 59, 39, 27, 21, 16, 13, 11, 9, 4, 1]: 0.03788648699992336
[89, 56, 39, 27, 21, 16, 13, 11, 9, 4, 1]: 0.037896072999501484
[90, 58, 39, 27, 21, 16, 13, 11, 9, 4, 1]: 0.03789947699988261
[92, 58, 39, 27, 21, 16, 13, 11, 9, 4, 1]: 0.03794317299980321
[84, 55, 39, 27, 21, 16, 13, 11, 9, 4, 1]: 0.03796151699953043
[81, 58, 39, 27, 21, 16, 13, 11, 9, 4, 1]: 0.037961914999868895
[88, 57, 39, 27, 21, 16, 13, 11, 9, 4, 1]: 0.03796759099986957
[87, 58, 39, 27, 21, 16, 13, 11, 9, 4, 1]: 0.03797500900054729
[87, 54, 39, 27, 21, 16, 13, 11, 9, 4, 1]: 0.0379760219993841
[84, 60, 39, 27, 21, 16, 13, 11, 9, 4, 1]: 0.037988717000189354
[81, 55, 39, 27, 21, 16, 13, 11, 9, 4, 1]: 0.03799923999940802
[87, 60, 39, 27, 21, 16, 13, 11, 9, 4, 1]: 0.03800404400044499
[83, 59, 39, 27, 21, 16, 13, 11, 9, 4, 1]: 0.038012756999705744
[85, 60, 39, 27, 21, 16, 13, 11, 9, 4, 1]: 0.038017785999727494
[80, 56, 39, 27, 21, 16, 13, 11, 9, 4, 1]: 0.038029280999580806
[90, 57, 39, 27, 21, 16, 13, 11, 9, 4, 1]: 0.03804227599994192
[84, 59, 39, 27, 21, 16, 13, 11, 9, 4, 1]: 0.0380432430001747
[80, 57, 39, 27, 21, 16, 13, 11, 9, 4, 1]: 0.038043536999794014
[83, 56, 39, 27, 21, 16, 13, 11, 9, 4, 1]: 0.03805171200019686
[85, 52, 36, 27, 21, 16, 13, 11, 9, 4, 1]: 0.03806458500002918
[85, 57, 39, 27, 21, 16, 13, 11, 9, 4, 1]: 0.03807393100032641
[83, 54, 39, 27, 21, 16, 13, 11, 9, 4, 1]: 0.038085791999947105
[85, 55, 39, 27, 21, 16, 13, 11, 9, 4, 1]: 0.03809494400047697
[86, 57, 39, 27, 21, 16, 13, 11, 9, 4, 1]: 0.03814074199999595
[85, 56, 39, 27, 21, 16, 13, 11, 9, 4, 1]: 0.03814244299974234
[88, 60, 39, 27, 21, 16, 13, 11, 9, 4, 1]: 0.03814450600020791
[87, 55, 39, 27, 21, 16, 13, 11, 9, 4, 1]: 0.038145473999975366
[86, 54, 39, 27, 21, 16, 13, 11, 9, 4, 1]: 0.038157494999722985
[87, 57, 39, 27, 21, 16, 13, 11, 9, 4, 1]: 0.038167131000591326
[80, 54, 39, 27, 21, 16, 13, 11, 9, 4, 1]: 0.03817208399959782
[93, 57, 39, 27, 21, 16, 13, 11, 9, 4, 1]: 0.038172186000338115
[80, 58, 39, 27, 21, 16, 13, 11, 9, 4, 1]: 0.0381733020003594
[84, 56, 39, 27, 21, 16, 13, 11, 9, 4, 1]: 0.03818171100010659
[80, 52, 36, 27, 21, 16, 13, 11, 9, 4, 1]: 0.03818577499987441
[83, 60, 39, 27, 21, 16, 13, 11, 9, 4, 1]: 0.0381902919998538
[78, 58, 39, 27, 21, 16, 13, 11, 9, 4, 1]: 0.038198164999812434
[86, 56, 39, 27, 21, 16, 13, 11, 9, 4, 1]: 0.03819918699991831
[87, 56, 39, 27, 21, 16, 13, 11, 9, 4, 1]: 0.038203199000236054
[82, 54, 39, 27, 21, 16, 13, 11, 9, 4, 1]: 0.03821083700040617
[90, 60, 39, 27, 21, 16, 13, 11, 9, 4, 1]: 0.038224140999773226
[86, 59, 39, 27, 21, 16, 13, 11, 9, 4, 1]: 0.03823279700009152
[89, 59, 39, 27, 21, 16, 13, 11, 9, 4, 1]: 0.03823979900062113
[83, 55, 39, 27, 21, 16, 13, 11, 9, 4, 1]: 0.0382420429996273
[82, 55, 39, 27, 21, 16, 13, 11, 9, 4, 1]: 0.038249645000178134
[90, 56, 39, 27, 21, 16, 13, 11, 9, 4, 1]: 0.03826798099998996
[79, 58, 39, 27, 21, 16, 13, 11, 9, 4, 1]: 0.038269548999778635
[77, 59, 39, 27, 21, 16, 13, 11, 9, 4, 1]: 0.03827672600073129
[83, 58, 39, 27, 21, 16, 13, 11, 9, 4, 1]: 0.038279950999822177
[83, 57, 39, 27, 21, 16, 13, 11, 9, 4, 1]: 0.03828318199975911
[80, 60, 39, 27, 21, 16, 13, 11, 9, 4, 1]: 0.03829834499993012
[82, 57, 39, 27, 21, 16, 13, 11, 9, 4, 1]: 0.03831350299969927
[86, 55, 39, 27, 21, 16, 13, 11, 9, 4, 1]: 0.03833794999991369
[80, 55, 39, 27, 21, 16, 13, 11, 9, 4, 1]: 0.03834685499987245
[78, 59, 39, 27, 21, 16, 13, 11, 9, 4, 1]: 0.03834858600021107
[77, 57, 39, 27, 21, 16, 13, 11, 9, 4, 1]: 0.03834931900019001
[76, 53, 39, 27, 21, 16, 13, 11, 9, 4, 1]: 0.03835288300069806
[78, 53, 39, 27, 21, 16, 13, 11, 9, 4, 1]: 0.03835840299962001
[77, 56, 39, 27, 21, 16, 13, 11, 9, 4, 1]: 0.03836357999989559
[59, 39, 27, 21, 16, 13, 11, 9, 4, 1]: 0.038364113999705296
[93, 60, 39, 27, 21, 16, 13, 11, 9, 4, 1]: 0.03837782299979153
[82, 53, 39, 27, 21, 16, 13, 11, 9, 4, 1]: 0.03838636700038478
[84, 52, 36, 27, 21, 16, 13, 11, 9, 4, 1]: 0.038388603000385046
[79, 54, 39, 27, 21, 16, 13, 11, 9, 4, 1]: 0.03838899099991977
[78, 52, 36, 27, 21, 16, 13, 11, 9, 4, 1]: 0.03840452799977356
[75, 58, 39, 27, 21, 16, 13, 11, 9, 4, 1]: 0.03840549199958332
[75, 52, 37, 27, 21, 16, 13, 11, 9, 4, 1]: 0.03840600400053518
[83, 52, 36, 27, 21, 16, 13, 11, 9, 4, 1]: 0.038408864000302856
[81, 57, 39, 27, 21, 16, 13, 11, 9, 4, 1]: 0.038409527000112575
[75, 53, 39, 27, 21, 16, 13, 11, 9, 4, 1]: 0.03841682900019805
[76, 59, 39, 27, 21, 16, 13, 11, 9, 4, 1]: 0.038418080999690574
[73, 59, 39, 27, 21, 16, 13, 11, 9, 4, 1]: 0.03842052099935245
[77, 52, 37, 27, 21, 16, 13, 11, 9, 4, 1]: 0.03842429999986052
[85, 58, 39, 27, 21, 16, 13, 11, 9, 4, 1]: 0.03842640000038955
[82, 52, 36, 27, 21, 16, 13, 11, 9, 4, 1]: 0.03843703600068693
[74, 58, 39, 27, 21, 16, 13, 11, 9, 4, 1]: 0.03845744099999138
[85, 59, 39, 27, 21, 16, 13, 11, 9, 4, 1]: 0.038466710999273346
[76, 60, 39, 27, 21, 16, 13, 11, 9, 4, 1]: 0.03847335899990867
[77, 52, 37, 28, 21, 16, 13, 11, 9, 5, 1]: 0.03847397200024716
[78, 55, 39, 27, 21, 16, 13, 11, 9, 4, 1]: 0.038480084000184434
[84, 57, 39, 27, 21, 16, 13, 11, 9, 4, 1]: 0.038482211999507854
[77, 54, 39, 27, 21, 16, 13, 11, 9, 4, 1]: 0.03848351899978297
[76, 56, 39, 27, 21, 16, 13, 11, 9, 4, 1]: 0.03848364500026946
[76, 54, 39, 27, 21, 16, 13, 11, 9, 4, 1]: 0.03848387700054445
[85, 54, 39, 27, 21, 16, 13, 11, 9, 4, 1]: 0.038484149999931105
[76, 50, 39, 27, 21, 16, 13, 11, 9, 4, 1]: 0.03849032699963573
[72, 53, 39, 27, 21, 16, 13, 11, 9, 4, 1]: 0.03849592299957294
[75, 59, 39, 27, 21, 16, 13, 11, 9, 4, 1]: 0.03850037599931966
[81, 56, 39, 27, 21, 16, 13, 11, 9, 4, 1]: 0.03850103700006002
[77, 60, 39, 27, 21, 16, 13, 11, 9, 4, 1]: 0.03850354400037759
[84, 54, 39, 27, 21, 16, 13, 11, 9, 4, 1]: 0.03851870200014673
[74, 60, 39, 27, 21, 16, 13, 11, 9, 4, 1]: 0.03853783300019131
[76, 55, 39, 27, 21, 16, 13, 11, 9, 4, 1]: 0.03854109900021285
[76, 58, 39, 27, 21, 16, 13, 11, 9, 4, 1]: 0.0385439799993037
[76, 52, 36, 27, 21, 16, 13, 11, 9, 4, 1]: 0.038551532000383304
[81, 52, 36, 27, 21, 16, 13, 11, 9, 4, 1]: 0.038551949999600765
[76, 57, 39, 27, 21, 16, 13, 11, 9, 4, 1]: 0.03855770100017253
[78, 56, 39, 27, 21, 16, 13, 11, 9, 4, 1]: 0.038566379999792844
[75, 56, 39, 27, 21, 16, 13, 11, 9, 4, 1]: 0.0385752969996247
[79, 55, 39, 27, 21, 16, 13, 11, 9, 4, 1]: 0.03860447799979738
[74, 57, 39, 27, 21, 16, 13, 11, 9, 4, 1]: 0.0386078900000939
[84, 58, 39, 27, 21, 16, 13, 11, 9, 4, 1]: 0.03860876100043242
[79, 57, 39, 27, 21, 16, 13, 11, 9, 4, 1]: 0.03862133700022241
[75, 54, 39, 27, 21, 16, 13, 11, 9, 4, 1]: 0.03862154600028589
[77, 55, 39, 27, 21, 16, 13, 11, 9, 4, 1]: 0.038631264999821724
[100, 76, 59, 39, 27, 21, 16, 13, 11, 9, 4, 1]: 0.038646899000013946
[100, 85, 59, 39, 27, 21, 16, 13, 11, 9, 4, 1]: 0.03865216899976076
[71, 60, 39, 27, 21, 16, 13, 11, 9, 4, 1]: 0.03865975200005778
[80, 53, 39, 27, 21, 16, 13, 11, 9, 4, 1]: 0.03866079399995215
[81, 60, 39, 27, 21, 16, 13, 11, 9, 4, 1]: 0.03866168300010031
[100, 83, 52, 36, 27, 21, 16, 13, 11, 9, 4, 1]: 0.03866249800012156
[74, 52, 37, 27, 21, 16, 13, 11, 9, 4, 1]: 0.038677631000609836
[100, 81, 56, 39, 27, 21, 16, 13, 11, 9, 4, 1]: 0.038678966999214026
[71, 52, 37, 27, 21, 16, 13, 11, 9, 4, 1]: 0.03869141799987119
[72, 56, 39, 27, 21, 16, 13, 11, 9, 4, 1]: 0.03869254299934255
[70, 54, 39, 27, 21, 16, 13, 11, 9, 4, 1]: 0.03869819700048538
[74, 53, 39, 27, 21, 16, 13, 11, 9, 4, 1]: 0.03869836800004123
[74, 56, 39, 27, 21, 16, 13, 11, 9, 4, 1]: 0.038702320000084
[73, 53, 39, 27, 21, 16, 13, 11, 9, 4, 1]: 0.03870237299997825
[100, 79, 55, 39, 27, 21, 16, 13, 11, 9, 4, 1]: 0.03870515600010549
[60, 39, 27, 21, 16, 13, 11, 9, 4, 1]: 0.038706086999809486
[70, 55, 39, 27, 21, 16, 13, 11, 9, 4, 1]: 0.0387103279999792
[100, 76, 57, 39, 27, 21, 16, 13, 11, 9, 4, 1]: 0.03871775399966282
[76, 52, 37, 28, 21, 16, 13, 11, 9, 5, 1]: 0.03872870299983333
[75, 52, 36, 27, 21, 16, 13, 11, 9, 4, 1]: 0.038729635999516177
[77, 58, 39, 27, 21, 16, 13, 11, 9, 4, 1]: 0.038730518000193115
[100, 85, 58, 39, 27, 21, 16, 13, 11, 9, 4, 1]: 0.038737889000003634
[78, 57, 39, 27, 21, 16, 13, 11, 9, 4, 1]: 0.038740270999369386
[73, 51, 37, 27, 21, 16, 13, 11, 9, 4, 1]: 0.03874482800074475
[76, 52, 37, 27, 21, 16, 13, 11, 9, 4, 1]: 0.03874864099998376
[99, 82, 58, 39, 27, 21, 16, 13, 11, 9, 4, 1]: 0.03875666600015393
[100, 79, 57, 39, 27, 21, 16, 13, 11, 9, 4, 1]: 0.03875736899954063
[79, 59, 39, 27, 21, 16, 13, 11, 9, 4, 1]: 0.03875848200004839
[100, 81, 57, 39, 27, 21, 16, 13, 11, 9, 4, 1]: 0.038759870999456325
[100, 80, 54, 39, 27, 21, 16, 13, 11, 9, 4, 1]: 0.038762979000239284
[100, 86, 54, 39, 27, 21, 16, 13, 11, 9, 4, 1]: 0.03876556400064146
[95, 82, 60, 39, 27, 21, 16, 13, 11, 9, 4, 1]: 0.0387667289996898
[73, 58, 39, 27, 21, 16, 13, 11, 9, 4, 1]: 0.038767011999880197
[81, 53, 39, 27, 21, 16, 13, 11, 9, 4, 1]: 0.03876836400013417
[100, 92, 59, 39, 27, 21, 16, 13, 11, 9, 4, 1]: 0.03877215099964815
[100, 76, 60, 39, 27, 21, 16, 13, 11, 9, 4, 1]: 0.03877374700005021
[75, 55, 39, 27, 21, 16, 13, 11, 9, 4, 1]: 0.038774536000346416
[100, 81, 53, 39, 27, 21, 16, 13, 11, 9, 4, 1]: 0.038780167999902915
[73, 54, 39, 27, 21, 16, 13, 11, 9, 4, 1]: 0.03878203200019925
[73, 52, 37, 28, 21, 16, 13, 11, 9, 5, 1]: 0.03878312399956485
[72, 52, 37, 27, 21, 16, 13, 11, 9, 4, 1]: 0.03878401499969186
[100, 75, 54, 39, 27, 21, 16, 13, 11, 9, 4, 1]: 0.03878422900015721
[100, 73, 59, 39, 27, 21, 16, 13, 11, 9, 4, 1]: 0.03878465199977654
[95, 76, 54, 39, 27, 21, 16, 13, 11, 9, 4, 1]: 0.03878715400060173
